S101 Aarav 35 55 30 50 38 58 32 52 39 59
S102 Vivaan 25 45 28 48 30 50 20 40 35 55
S103 Aditya 40 60 40 60 40 60 40 60 40 60
S104 Vihaan 10 20 15 25 10 20 12 22 18 28
S105 Arjun 30 50 30 50 30 50 30 50 30 50
S106 Sai 39 59 38 58 37 57 36 56 35 55
S107 Reyansh 20 30 20 30 20 30 20 30 20 30
S108 Ayan 15 15 20 20 25 25 30 30 35 35
S109 Krishna 40 50 40 50 40 50 40 50 40 50
S110 Ishan 35 55 22 42 33 53 11 31 39 59
S111 Shaurya 28 48 29 49 30 50 31 51 32 52
S112 Atharv 18 28 38 58 18 28 38 58 18 28
S113 Aryan 40 60 0 0 40 60 0 0 40 60 
S114 Dhruv 33 43 33 43 33 43 33 43 33 43
S115 Kabir 21 31 22 32 23 33 24 34 25 35
S116 Anika 38 58 39 59 40 60 38 58 39 59
S117 Diya 25 35 25 35 25 35 25 35 25 35
S118 Myra 10 60 10 60 10 60 10 60 10 60
S119 Zara 30 40 30 40 30 40 30 40 30 40
S120 Aadhya 40 0 40 0 40 0 40 0 40 0